  -21409.254938778391     
  -1036.1753398649789     
   128.57601948015036     
  -65.788421438513637     
  -1549.9365347688731     
   849.03532893359886     
  -1705.3887083710567     
  -648.79246586796330     
  -1938.0440979520231     
  -370.15610466739696     
  -786.05491303859253     
   729.54025182847784     
  -1643.1802780118485     
  -1138.9374616207549     
  -911.43930091442087     
  -30389.413031711538     
  -1442.8033183069610     
   179.03331648949941     
  -91.605878952912548     
  -2158.1806567806593     
   1182.2236476935109     
  -2265.9196452137617     
  -862.03901014514713     
  -2575.0447234019007     
  -491.81983277161646     
  -1044.4171823866702     
   969.32715719181806     
  -2183.2644102184022     
  -1513.2859484107994     
  -1211.0131885032563     
  -15403.903007358851     
  -715.40044007662425     
   88.771984219761762     
  -45.421912526109708     
  -1070.1135574303264     
   586.19446399761523     
  -1059.4460665252429     
  -403.05217372500124     
  -1203.9795890808659     
  -229.95369159255273     
  -488.32432254522871     
   453.21547303416730     
  -1020.8000519684065     
  -707.54708754047499     
  -566.21741277543492     
