  -3018.4958230901639     
  -1725.1367944322994     
   456.67797706989381     
   455.18793651162503     
   972.45129957717779     
  -311.29395787694148     
  -1388.0931203562186     
   122.19498053088023     
  -103.72034461536278     
   830.77431624330052     
  -893.10228171600215     
  -1044.2304256984805     
  -1262.5645065768672     
  -677.02486633743251     
  -715.28973185398809     
  -3016.2912502781592     
  -1641.2914231377310     
   434.48244180970130     
   433.06482043827913     
   925.18806773256028     
  -296.16439970846187     
  -1169.5664254114045     
   102.95789561008861     
  -87.391710912808421     
   699.98599742568604     
  -752.50170743969875     
  -879.83783535832686     
  -1063.7997085018869     
  -570.44123425502107     
  -602.68208418413894     
  -5800.8562687845351     
  -2868.6452645248137     
   759.38738340192140     
   756.90966812437182     
   1617.0415149200194     
  -517.63543680762825     
  -1528.5529924320517     
   134.55977874360514     
  -114.21571133297644     
   914.83960874577758     
  -983.47448398458778     
  -1149.8951465016939     
  -1390.3222531434408     
  -745.53239275864996     
  -787.66924498606454     
