  -2683.3602768538221     
  -5614.2621857312970     
   716.82828771229265     
  -1187.7611574630530     
   205.60281054784514     
  -73.081899303121943     
   0.0000000000000000     
   0.0000000000000000     
   0.0000000000000000     
   0.0000000000000000     
   0.0000000000000000     
   0.0000000000000000     
   0.0000000000000000     
   0.0000000000000000     
   0.0000000000000000     
  -3820.8425843369182     
  -7950.5353553730611     
   1015.1233513234579     
  -1682.0263756383104     
   291.16068333595058     
  -103.49360343804469     
   0.0000000000000000     
   0.0000000000000000     
   0.0000000000000000     
   0.0000000000000000     
   0.0000000000000000     
   0.0000000000000000     
   0.0000000000000000     
   0.0000000000000000     
   0.0000000000000000     
  -19154.290496548303     
  -39666.426631679838     
   5064.6043489592766     
  -8391.8846768874864     
   1452.6448053300087     
  -516.34528294362133     
   0.0000000000000000     
   0.0000000000000000     
   0.0000000000000000     
   0.0000000000000000     
   0.0000000000000000     
   0.0000000000000000     
   0.0000000000000000     
   0.0000000000000000     
   0.0000000000000000     
