  -1933.0640436675499     
  -66.198106653537295     
  -449.25912358187963     
  -1018.5431874633397     
   1754.0597137198679     
   2131.7416607198770     
  -7193.8109386292763     
  -805.56825097330557     
   1602.2219949792693     
   2693.4093920167079     
  -1917.0485976068915     
  -62.652093296369145     
  -357.11514730930679     
  -424.80441883784067     
  -644.04229244119233     
  -1697.5941028119998     
  -58.107027745488473     
  -394.34832321584514     
  -894.05151062198877     
   1539.6693592129748     
   1871.1890428220370     
  -6305.0931612025443     
  -706.04897924402258     
   1404.2847427398438     
   2360.6677021121536     
  -1680.2179130895056     
  -54.912102687707026     
  -312.99742129319600     
  -372.32441315359955     
  -564.47781130732835     
  -2357.6496283027050     
  -80.302473301073050     
  -544.97961649435797     
  -1235.5570461454299     
   2127.7849239204929     
   2585.9369164540271     
  -8595.9171174862731     
  -962.57713427819715     
   1914.5022839979667     
   3218.3670233688690     
  -2290.6900105943064     
  -74.863268691243007     
  -426.71849925689253     
  -507.60071492340097     
  -769.56903833160959     
