  -2929.3566926706721     
  -3316.0150518253590     
  -937.45494186763392     
  -876.52983182703167     
  -67.930832369738681     
   284.13201077029339     
  -1654.3856406022883     
  -678.74162923171593     
  -547.29155508724330     
   775.21552563208081     
  -1132.0809989130807     
   133.54931536077407     
  -977.56671021655359     
  -389.79461601832037     
  -993.36543603434029     
  -5764.5025706708766     
  -6471.9658607615693     
  -1829.6588781856597     
  -1710.7495167734226     
  -132.58263943888156     
   554.54895255756651     
  -3165.6993798252929     
  -1298.7854234144638     
  -1047.2531276882685     
   1483.3901168478396     
  -2166.2592011294446     
   255.54923497751142     
  -1870.5930783730444     
  -745.87964492921992     
  -1900.8242501723769     
  -30505.277280721599     
  -34089.342831700749     
  -9637.2369857025969     
  -9010.9138445908229     
  -698.34346265107831     
   2920.9377440181584     
  -16484.240580523092     
  -6762.9578217316730     
  -5453.1938868027955     
   7724.2203466077453     
  -11280.015423688217     
   1330.6807008852509     
  -9740.4404627530603     
  -3883.8999020200549     
  -9897.8584134742141     
