  -2019.4097208466128     
  -271.82236708949870     
  -647.83140637661074     
  -947.83455488740628     
  -881.73676392965501     
  -286.23691565173107     
   0.0000000000000000     
   0.0000000000000000     
   0.0000000000000000     
   0.0000000000000000     
   0.0000000000000000     
   0.0000000000000000     
   0.0000000000000000     
   0.0000000000000000     
   0.0000000000000000     
  -1617.5673079979465     
  -237.56984114061473     
  -566.19771929260867     
  -828.39726194440016     
  -770.62849969825174     
  -250.16800239095693     
   0.0000000000000000     
   0.0000000000000000     
   0.0000000000000000     
   0.0000000000000000     
   0.0000000000000000     
   0.0000000000000000     
   0.0000000000000000     
   0.0000000000000000     
   0.0000000000000000     
  -895.84007975747488     
  -136.43217646726859     
  -325.15738017508824     
  -475.73396052281453     
  -442.55837759856098     
  -143.66707863590059     
   0.0000000000000000     
   0.0000000000000000     
   0.0000000000000000     
   0.0000000000000000     
   0.0000000000000000     
   0.0000000000000000     
   0.0000000000000000     
   0.0000000000000000     
   0.0000000000000000     
