  -14346.804181218013     
   271.81113976126971     
   4342.8144988163094     
  -1744.0970530451241     
  -1845.9601413935031     
  -952.19490319645320     
   0.0000000000000000     
   0.0000000000000000     
   0.0000000000000000     
   0.0000000000000000     
   0.0000000000000000     
   0.0000000000000000     
   0.0000000000000000     
   0.0000000000000000     
   0.0000000000000000     
  -9884.3592059816638     
   188.38978080269922     
   3009.9644636248472     
  -1208.8174966279378     
  -1279.4178587127722     
  -659.95745888920897     
   0.0000000000000000     
   0.0000000000000000     
   0.0000000000000000     
   0.0000000000000000     
   0.0000000000000000     
   0.0000000000000000     
   0.0000000000000000     
   0.0000000000000000     
   0.0000000000000000     
  -3275.6786887824487     
   62.205720406017988     
   993.88091571904658     
  -399.14778230934013     
  -422.45980255640609     
  -217.91590282979959     
   0.0000000000000000     
   0.0000000000000000     
   0.0000000000000000     
   0.0000000000000000     
   0.0000000000000000     
   0.0000000000000000     
   0.0000000000000000     
   0.0000000000000000     
   0.0000000000000000     
