  -6665.0087520240349     
  -4267.3079174870654     
   152.12658237185286     
  -996.87969055464350     
  -1180.8890663064028     
  -1707.5770686081328     
   0.0000000000000000     
   0.0000000000000000     
   0.0000000000000000     
   0.0000000000000000     
   0.0000000000000000     
   0.0000000000000000     
   0.0000000000000000     
   0.0000000000000000     
   0.0000000000000000     
  -5799.3939975172634     
  -3876.0103637443021     
   138.17709461695767     
  -905.46922947885037     
  -1072.6055742730034     
  -1550.9980865676068     
   0.0000000000000000     
   0.0000000000000000     
   0.0000000000000000     
   0.0000000000000000     
   0.0000000000000000     
   0.0000000000000000     
   0.0000000000000000     
   0.0000000000000000     
   0.0000000000000000     
  -3091.8541046946498     
  -2082.2529904812195     
   74.230882139392349     
  -486.43213870298138     
  -576.22037998867597     
  -833.22027056352351     
   0.0000000000000000     
   0.0000000000000000     
   0.0000000000000000     
   0.0000000000000000     
   0.0000000000000000     
   0.0000000000000000     
   0.0000000000000000     
   0.0000000000000000     
   0.0000000000000000     
