  -5122.4548254152378     
  -1893.0780220239180     
  -67.532392215928454     
  -1653.0476005868993     
  -1217.6535708024408     
  -659.60795438321679     
   0.0000000000000000     
   0.0000000000000000     
   0.0000000000000000     
   0.0000000000000000     
   0.0000000000000000     
   0.0000000000000000     
   0.0000000000000000     
   0.0000000000000000     
   0.0000000000000000     
  -4984.4324389578060     
  -1884.3814461080224     
  -67.222156415367024     
  -1645.4536959597019     
  -1212.0598147107485     
  -656.57779366966645     
   0.0000000000000000     
   0.0000000000000000     
   0.0000000000000000     
   0.0000000000000000     
   0.0000000000000000     
   0.0000000000000000     
   0.0000000000000000     
   0.0000000000000000     
   0.0000000000000000     
  -2726.4516239999252     
  -1028.4971951102530     
  -36.689917248582553     
  -898.09020061925310     
  -661.54340582718532     
  -358.36078759725774     
   0.0000000000000000     
   0.0000000000000000     
   0.0000000000000000     
   0.0000000000000000     
   0.0000000000000000     
   0.0000000000000000     
   0.0000000000000000     
   0.0000000000000000     
   0.0000000000000000     
