00s06
   4.1836857900483997                6  0.69728096500806658     
00s07
   3.7759311112917113                6  0.62932185188195189     
01s04
   10.523742573959519               15  0.70158283826396795     
01s05
   9.1677787883327131               15  0.61118525255551426     
01s06
   9.8692647549877641               15  0.65795098366585092     
01s07
   9.8467225213680116               15  0.65644816809120077     
01s08
   4.3830778763349008               15  0.29220519175566007     
01s09
   8.1323265375798055               15  0.54215510250532040     
01s10
   9.5484378209731258               15  0.63656252139820835     
02s04
   12.256191665559196               15  0.81707944437061308     
02s05
   10.986172490678477               15  0.73241149937856509     
02s06
   11.002380649441731               15  0.73349204329611539     
02s12
   3.7336076186008262               15  0.24890717457338843     
02s13
   2.8589535063401015                6  0.47649225105668358     
03s09
   14.892726900490830               15  0.99284846003272198     
