00s06
   4.2634822507237384                6  0.71058037512062311     
00s07
   3.8262060787857477                6  0.63770101313095795     
01s04
   10.839853118268595               15  0.72265687455123961     
01s05
   9.5564877458751383               15  0.63709918305834257     
01s06
   10.269312829052721               15  0.68462085527018135     
01s07
   9.8524462282712140               15  0.65682974855141429     
01s08
   4.7205927280867064               15  0.31470618187244709     
01s09
   8.3925765682115774               15  0.55950510454743851     
01s10
   9.4019131195986301               15  0.62679420797324203     
02s04
   12.440221403132988               15  0.82934809354219918     
02s05
   11.195659548900206               15  0.74637730326001372     
02s06
   11.265353780972308               15  0.75102358539815384     
02s12
   3.7199533637863502               15  0.24799689091909002     
02s13
   3.0130532972077892                6  0.50217554953463150     
03s09
   14.743085671354393               15  0.98287237809029282     
