00s06
   4.2972811838093126                6  0.71621353063488546     
00s07
   3.8484668952844352                6  0.64141114921407250     
01s04
   11.146169790474250               15  0.74307798603161668     
01s05
   10.010317582879075               15  0.66735450552527165     
01s06
   10.802461778546153               15  0.72016411856974349     
01s07
   9.6211030608237920               15  0.64140687072158609     
01s08
   5.8908167999214136               15  0.39272111999476089     
01s09
   8.9865730777701476               15  0.59910487185134320     
01s10
   9.8825936436950101               15  0.65883957624633405     
02s04
   12.446088614741409               15  0.82973924098276064     
02s05
   11.573793216715572               15  0.77158621444770481     
02s06
   11.805481421097973               15  0.78703209473986480     
02s12
   4.5481471518094398               15  0.30320981012062931     
02s13
   3.2198861013227167                6  0.53664768355378611     
03s09
   14.460080228948815               15  0.96400534859658771     
