00s06
   3.7618443897570213                6  0.62697406495950359     
00s07
   3.7168011367071738                6  0.61946685611786234     
01s04
   8.5298567249727117               15  0.56865711499818083     
01s05
   7.0996379006921781               15  0.47330919337947852     
01s06
   7.6009049314449637               15  0.50672699542966426     
01s07
   8.9243694734300689               15  0.59495796489533792     
01s08
   3.9302190664796841               15  0.26201460443197894     
01s09
   8.8888690175459999               15  0.59259126783640004     
01s10
   10.828483928647046               15  0.72189892857646976     
02s04
   10.338855014247768               15  0.68925700094985121     
02s05
   10.276572211332352               15  0.68510481408882351     
02s06
   10.817733152077444               15  0.72118221013849626     
02s12
   4.0552140884805148               15  0.27034760589870099     
02s13
   2.9022003050102390                6  0.48370005083503981     
03s09
   13.883440443136109               15  0.92556269620907394     
