00s06
   3.7160504773502163                6  0.61934174622503602     
00s07
   3.7604622077883612                6  0.62674370129806023     
01s04
   8.2093134953703508               15  0.54728756635802334     
01s05
   7.1455575689068533               15  0.47637050459379021     
01s06
   6.2297741782322866               15  0.41531827854881909     
01s07
   8.7582508427732098               15  0.58388338951821395     
01s08
   4.0145912794428007               15  0.26763941862952007     
01s09
   9.7852167897465208               15  0.65234778598310139     
01s10
   11.355886786555519               15  0.75705911910370127     
02s04
   9.0343383350691102               15  0.60228922233794069     
02s05
   10.034865978743044               15  0.66899106524953622     
02s06
   10.819202275352465               15  0.72128015169016435     
02s12
   4.1564254800624330               15  0.27709503200416219     
02s13
   3.0274583388705993                6  0.50457638981176656     
03s09
   13.372648573452334               15  0.89150990489682225     
