00s06
   3.7159458997346135                6  0.61932431662243559     
00s07
   3.7607361249228015                6  0.62678935415380022     
01s04
   8.2085185667628764               15  0.54723457111752505     
01s05
   7.1505072442562572               15  0.47670048295041717     
01s06
   6.2203910402230251               15  0.41469273601486834     
01s07
   8.7579970695499085               15  0.58386647130332725     
01s08
   4.0158720833344219               15  0.26772480555562811     
01s09
   9.7927437135295889               15  0.65284958090197265     
01s10
   11.358456407764214               15  0.75723042718428091     
02s04
   9.0310333277056962               15  0.60206888851371310     
02s05
   10.033118807790247               15  0.66887458718601644     
02s06
   10.819324681343630               15  0.72128831208957533     
02s12
   4.1569789081752111               15  0.27713192721168073     
02s13
   3.0280525244435070                6  0.50467542074058447     
03s09
   13.369816020345070               15  0.89132106802300470     
