00s06
   4.1516671039261892                6  0.69194451732103157     
00s07
   3.7761155242682554                6  0.62935258737804256     
01s04
   10.401304759090939               15  0.69342031727272924     
01s05
   9.0313735315630712               15  0.60209156877087144     
01s06
   9.7382465587417553               15  0.64921643724945033     
01s07
   9.7904056738373573               15  0.65269371158915712     
01s08
   4.3351497837761590               15  0.28900998558507729     
01s09
   8.0979699067127324               15  0.53986466044751547     
01s10
   9.6326103420306115               15  0.64217402280204072     
02s04
   12.163164182149711               15  0.81087761214331400     
02s05
   10.928708553375703               15  0.72858057022504685     
02s06
   10.950856097535976               15  0.73005707316906510     
02s12
   3.7555700333255331               15  0.25037133555503555     
02s13
   2.8115331088759019                6  0.46858885147931700     
03s09
   14.906055590167343               15  0.99373703934448954     
