00s06
   3.8515002163050380                6  0.64191670271750634     
00s07
   3.7071283110777271                6  0.61785471851295448     
01s04
   9.0914365008217182               15  0.60609576672144783     
01s05
   7.6715694088407744               15  0.51143796058938495     
01s06
   8.3924032866926588               15  0.55949355244617727     
01s07
   8.7670002918611107               15  0.58446668612407404     
01s08
   4.0191274076893748               15  0.26794182717929166     
01s09
   8.4791738424610017               15  0.56527825616406679     
01s10
   10.514012644241680               15  0.70093417628277865     
02s04
   11.028997727975591               15  0.73526651519837272     
02s05
   10.449434847543353               15  0.69662898983622357     
02s06
   10.821870871947167               15  0.72145805812981112     
02s12
   3.9604073375113740               15  0.26402715583409159     
02s13
   2.8452770700614529                6  0.47421284501024219     
03s09
   14.294442432193728               15  0.95296282881291516     
