00s06
   3.7294491505799572                6  0.62157485842999283     
00s07
   3.7397103926961721                6  0.62328506544936202     
01s04
   8.3043779766457853               15  0.55362519844305236     
01s05
   6.8683087109040271               15  0.45788724739360182     
01s06
   6.9322217761543117               15  0.46214811841028747     
01s07
   8.8692975817908799               15  0.59128650545272532     
01s08
   3.9469760834177405               15  0.26313173889451602     
01s09
   9.2953933022949968               15  0.61969288681966650     
01s10
   11.136384982500706               15  0.74242566550004707     
02s04
   9.7176746577394724               15  0.64784497718263145     
02s05
   10.155743939729701               15  0.67704959598198011     
02s06
   10.815626018209237               15  0.72104173454728249     
02s12
   4.1115348496983177               15  0.27410232331322121     
02s13
   2.9763232338513954                6  0.49605387230856590     
03s09
   13.580776073135585               15  0.90538507154237235     
