00s06
   3.8641506108203263                6  0.64402510180338768     
00s07
   3.7115008265047109                6  0.61858347108411849     
01s04
   9.1578603196584751               15  0.61052402131056505     
01s05
   7.7394472388273208               15  0.51596314925515474     
01s06
   8.4694417907420760               15  0.56462945271613840     
01s07
   8.8261607343086652               15  0.58841071562057767     
01s08
   4.0341361585262980               15  0.26894241056841989     
01s09
   8.4430577023669944               15  0.56287051349113293     
01s10
   10.481712649507623               15  0.69878084330050816     
02s04
   11.095737199442418               15  0.73971581329616121     
02s05
   10.474532825066943               15  0.69830218833779623     
02s06
   10.822604212285500               15  0.72150694748569999     
02s12
   3.9495951931727142               15  0.26330634621151427     
02s13
   2.8374154481617895                6  0.47290257469363162     
03s09
   14.337354084787366               15  0.95582360565249103     
