00s06
   4.2499164359332164                6  0.70831940598886944     
00s07
   3.7750086052691447                6  0.62916810087819075     
01s04
   11.421530276794723               15  0.76143535178631483     
01s05
   10.432273304247332               15  0.69548488694982213     
01s06
   11.320306307798585               15  0.75468708718657229     
01s07
   9.5010485478922515               15  0.63340323652615005     
01s08
   7.1664586315874628               15  0.47776390877249753     
01s09
   9.7760795152550255               15  0.65173863435033508     
01s10
   10.594832281015471               15  0.70632215206769811     
02s04
   12.282158479008991               15  0.81881056526726614     
02s05
   11.904842663381899               15  0.79365617755879325     
02s06
   12.527942701413281               15  0.83519618009421870     
02s12
   5.7465314927900026               15  0.38310209951933349     
02s13
   3.4041831206830588                6  0.56736385344717644     
03s09
   14.444231027239697               15  0.96294873514931312     
