00s06
   3.7941991614594901                6  0.63236652690991502     
00s07
   3.7046953530316005                6  0.61744922550526671     
01s04
   8.7584244909623461               15  0.58389496606415636     
01s05
   7.3315277552971603               15  0.48876851701981067     
01s06
   7.9631846418906980               15  0.53087897612604651     
01s07
   8.8617706376202126               15  0.59078470917468084     
01s08
   3.9427878574470685               15  0.26285252382980456     
01s09
   8.6925579114435294               15  0.57950386076290195     
01s10
   10.640607611512731               15  0.70937384076751542     
02s04
   10.655890661543159               15  0.71039271076954391     
02s05
   10.348915416213996               15  0.68992769441426638     
02s06
   10.819379913565429               15  0.72129199423769530     
02s12
   4.0157513731008585               15  0.26771675820672391     
02s13
   2.8760180279087364                6  0.47933633798478942     
03s09
   14.064350456511962               15  0.93762336376746414     
