00s06
   3.9620350729304716                6  0.66033917882174531     
00s07
   3.7408566318348591                6  0.62347610530580988     
01s04
   9.6228418729806329               15  0.64152279153204217     
01s05
   8.2163485514290908               15  0.54775657009527268     
01s06
   8.9657468592964893               15  0.59771645728643263     
01s07
   9.2242039163057665               15  0.61494692775371773     
01s08
   4.1367739264599592               15  0.27578492843066393     
01s09
   8.2318360513449544               15  0.54878907008966360     
01s10
   10.202240974705228               15  0.68014939831368193     
02s04
   11.525924259201572               15  0.76839495061343810     
02s05
   10.639567850587451               15  0.70930452337249672     
02s06
   10.834654837769136               15  0.72231032251794236     
02s12
   3.8755212268512547               15  0.25836808179008364     
02s13
   2.7711481467353520                6  0.46185802445589197     
03s09
   14.616484276896504               15  0.97443228512643354     
