00s06
   3.7159385097226876                6  0.61932308495378130     
00s07
   3.7607368883874752                6  0.62678948139791257     
01s04
   8.2085090372891383               15  0.54723393581927593     
01s05
   7.1505551230390560               15  0.47670367486927040     
01s06
   6.2203025604936553               15  0.41468683736624368     
01s07
   8.7580077389875282               15  0.58386718259916859     
01s08
   4.0158906665576364               15  0.26772604443717574     
01s09
   9.7928094182305916               15  0.65285396121537276     
01s10
   11.358484095216102               15  0.75723227301440688     
02s04
   9.0309998049596594               15  0.60206665366397727     
02s05
   10.033100049736335               15  0.66887333664908899     
02s06
   10.819323566459806               15  0.72128823776398709     
02s12
   4.1569840229686594               15  0.27713226819791065     
02s13
   3.0280563175826112                6  0.50467605293043516     
03s09
   13.369799458557473               15  0.89131996390383150     
