00s06
   3.8894976138745729                6  0.64824960231242879     
00s07
   3.1058553787712997                6  0.51764256312854995     
01s04
   12.478088707168562               15  0.83187258047790413     
01s05
   12.155387042909290               15  0.81035913619395261     
01s06
   12.821175749158479               15  0.85474504994389866     
01s07
   10.967928982640389               15  0.73119526550935932     
01s08
   10.649585262557141               15  0.70997235083714272     
01s09
   11.944928582520946               15  0.79632857216806308     
01s10
   12.715973991030168               15  0.84773159940201115     
02s04
   12.165836621529778               15  0.81105577476865187     
02s05
   12.332403412234662               15  0.82216022748231077     
02s06
   14.142018121221557               15  0.94280120808143719     
02s12
   9.7365479513297846               15  0.64910319675531902     
02s13
   3.7127230025349185                6  0.61878716708915305     
03s09
   14.586927747872400               15  0.97246184985815998     
