00s06
   4.5366770094381073                6  0.75611283490635117     
00s07
   3.4479715741150017                6  0.57466192901916691     
01s04
   13.183692151647669               15  0.87891281010984457     
01s05
   13.051600226274291               15  0.87010668175161932     
01s06
   13.471526048155258               15  0.89810173654368386     
01s07
   12.220486208064731               15  0.81469908053764872     
01s08
   12.045371262769763               15  0.80302475085131753     
01s09
   12.913986457102149               15  0.86093243047347667     
01s10
   13.507409156137260               15  0.90049394374248404     
02s04
   12.137721726952323               15  0.80918144846348816     
02s05
   13.039926477675158               15  0.86932843184501052     
02s06
   14.326222102869670               15  0.95508147352464468     
02s12
   11.378298432575917               15  0.75855322883839449     
02s13
   4.0767547827960078                6  0.67945913046600126     
03s09
   14.261218772723257               15  0.95074791818155047     
