00s06
   3.7159468268252205                6  0.61932447113753675     
00s07
   3.7607058895926508                6  0.62678431493210851     
01s04
   8.2085935102733174               15  0.54723956735155455     
01s05
   7.1500572925382899               15  0.47667048616921931     
01s06
   6.2212505349306753               15  0.41475003566204499     
01s07
   8.7580219266513843               15  0.58386812844342562     
01s08
   4.0157575775899241               15  0.26771717183932825     
01s09
   9.7920658044493702               15  0.65280438696329135     
01s10
   11.358231239435341               15  0.75721541596235609     
02s04
   9.0313274994328125               15  0.60208849996218750     
02s05
   10.033272596918122               15  0.66888483979454150     
02s06
   10.819310231341923               15  0.72128734875612821     
02s12
   4.1569313546716442               15  0.27712875697810962     
02s13
   3.0279984160135092                6  0.50466640266891816     
03s09
   13.370073742063214               15  0.89133824947088092     
