00s06
   3.7159368744865828                6  0.61932281241443043     
00s07
   3.7607239551826552                6  0.62678732586377583     
01s04
   8.2085196772929319               15  0.54723464515286213     
01s05
   7.1505593505899476               15  0.47670395670599652     
01s06
   6.2202981341753416               15  0.41468654227835611     
01s07
   8.7579760366922859               15  0.58386506911281910     
01s08
   4.0159053959542090               15  0.26772702639694729     
01s09
   9.7928379012376610               15  0.65285586008251073     
01s10
   11.358497129747059               15  0.75723314198313729     
02s04
   9.0309815671355409               15  0.60206543780903610     
02s05
   10.033090725382991               15  0.66887271502553269     
02s06
   10.819324099905597               15  0.72128827332703982     
02s12
   4.1569902143251705               15  0.27713268095501137     
02s13
   3.0280595840913818                6  0.50467659734856363     
03s09
   13.369779587389383               15  0.89131863915929221     
