00s06
   3.8242129061133259                6  0.63736881768555431     
00s07
   3.6970762289971244                6  0.61617937149952073     
01s04
   8.9400086090745479               15  0.59600057393830319     
01s05
   7.5175135342476587               15  0.50116756894984393     
01s06
   8.2083588881934872               15  0.54722392587956581     
01s07
   8.7784347950274277               15  0.58522898633516185     
01s08
   3.9843388659226981               15  0.26562259106151320     
01s09
   8.5682051773763686               15  0.57121367849175786     
01s10
   10.578394636969291               15  0.70522630913128603     
02s04
   10.869530177191116               15  0.72463534514607442     
02s05
   10.402507881797364               15  0.69350052545315755     
02s06
   10.820596092049554               15  0.72137307280330354     
02s12
   3.9852142696423405               15  0.26568095130948938     
02s13
   2.8611396682753187                6  0.47685661137921981     
03s09
   14.193753875722134               15  0.94625025838147558     
