00s06
   3.7250267558152714                6  0.62083779263587857     
00s07
   3.7450106428251058                6  0.62416844047085096     
01s04
   8.2737766098519607               15  0.55158510732346411     
01s05
   6.9074537766362045               15  0.46049691844241364     
01s06
   6.7673479507636323               15  0.45115653005090883     
01s07
   8.8268437395649677               15  0.58845624930433116     
01s08
   3.9586603799740234               15  0.26391069199826822     
01s09
   9.4047426483781962               15  0.62698284322521303     
01s10
   11.196080992484434               15  0.74640539949896234     
02s04
   9.5543808478594840               15  0.63695872319063229     
02s05
   10.127205234407596               15  0.67514701562717305     
02s06
   10.815741926849467               15  0.72104946178996454     
02s12
   4.1229659933059377               15  0.27486439955372921     
02s13
   2.9903552058977700                6  0.49839253431629504     
03s09
   13.529413872111128               15  0.90196092480740853     
