00s06
   3.7222238416111608                6  0.62037064026852684     
00s07
   3.7489660083892566                6  0.62482766806487611     
01s04
   8.2538443111267075               15  0.55025628740844712     
01s05
   6.9593265268093969               15  0.46395510178729316     
01s06
   6.6389066241382633               15  0.44259377494255087     
01s07
   8.7871163294278265               15  0.58580775529518847     
01s08
   3.9696483947181451               15  0.26464322631454301     
01s09
   9.4923650419289807               15  0.63282433612859867     
01s10
   11.238825951690199               15  0.74925506344601323     
02s04
   9.4296988492269396               15  0.62864658994846268     
02s05
   10.105108922555146               15  0.67367392817034311     
02s06
   10.816107586713187               15  0.72107383911421252     
02s12
   4.1317812504174665               15  0.27545208336116445     
02s13
   3.0003423853104514                6  0.50005706421840856     
03s09
   13.490560266247350               15  0.89937068441648993     
