00s06
   4.2843864349391314                6  0.71406440582318864     
00s07
   3.8267335283436696                6  0.63778892139061161     
01s04
   11.270550486731603               15  0.75137003244877354     
01s05
   10.202365004089444               15  0.68015766693929625     
01s06
   11.040501099265152               15  0.73603340661767680     
01s07
   9.5538946672392306               15  0.63692631114928200     
01s08
   6.4761306112685322               15  0.43174204075123546     
01s09
   9.3318754818905880               15  0.62212503212603920     
01s10
   10.199393518929666               15  0.67995956792864443     
02s04
   12.387809934865256               15  0.82585399565768380     
02s05
   11.734678484887359               15  0.78231189899249065     
02s06
   12.071045989289571               15  0.80473639928597140     
02s12
   5.0345467119448442               15  0.33563644746298960     
02s13
   3.3071453151190453                6  0.55119088585317422     
03s09
   14.389913780880674               15  0.95932758539204488     
