00s06
   4.1961917892263134                6  0.69936529820438564     
00s07
   3.7794171527451810                6  0.62990285879086350     
01s04
   10.571339142545602               15  0.70475594283637344     
01s05
   9.2223224214170898               15  0.61482149476113934     
01s06
   9.9226343160026023               15  0.66150895440017343     
01s07
   9.8628866430486379               15  0.65752577620324248     
01s08
   4.4052956369565761               15  0.29368637579710505     
01s09
   8.1537420619526984               15  0.54358280413017990     
01s10
   9.5181174572300424               15  0.63454116381533621     
02s04
   12.290179824564643               15  0.81934532163764284     
02s05
   11.010662848287287               15  0.73404418988581921     
02s06
   11.027919957082030               15  0.73519466380546872     
02s12
   3.7239424446413674               15  0.24826282964275781     
02s13
   2.8787796593647434                6  0.47979660989412393     
03s09
   14.877563992929861               15  0.99183759952865747     
