00s06
   4.1044184202916103                6  0.68406973671526838     
00s07
   3.7714159303142676                6  0.62856932171904456     
01s04
   10.217067217375885               15  0.68113781449172561     
01s05
   8.8331694249440673               15  0.58887796166293782     
01s06
   9.5515540025594206               15  0.63677026683729476     
01s07
   9.6788892521710981               15  0.64525928347807315     
01s08
   4.2781962294578815               15  0.28521308196385875     
01s09
   8.0878845970627093               15  0.53919230647084726     
01s10
   9.7681206632055009               15  0.65120804421370004     
02s04
   12.013198562704194               15  0.80087990418027954     
02s05
   10.852439098599559               15  0.72349593990663730     
02s06
   10.899946183288332               15  0.72666307888588877     
02s12
   3.7848451578756386               15  0.25232301052504258     
02s13
   2.7470084918616458                6  0.45783474864360763     
03s09
   14.878604496613120               15  0.99190696644087462     
