00s06
   3.7782463044236740                6  0.62970771740394571     
00s07
   3.7099398210070342                6  0.61832330350117237     
01s04
   8.6526520216425293               15  0.57684346810950193     
01s05
   7.2224918684035773               15  0.48149945789357179     
01s06
   7.8028366119779493               15  0.52018910746519664     
01s07
   8.8982090980861592               15  0.59321393987241056     
01s08
   3.9353686776723467               15  0.26235791184482310     
01s09
   8.7775175072169525               15  0.58516783381446347     
01s10
   10.711370347141241               15  0.71409135647608268     
02s04
   10.514398451651235               15  0.70095989677674908     
02s05
   10.316030749451931               15  0.68773538329679540     
02s06
   10.818654608285462               15  0.72124364055236412     
02s12
   4.0340562243653597               15  0.26893708162435731     
02s13
   2.8822009003796230                6  0.48036681672993714     
03s09
   13.982802132973928               15  0.93218680886492855     
