00s06
   3.7159390626183209                6  0.61932317710305351     
00s07
   3.7607305447290562                6  0.62678842412150937     
01s04
   8.2085126187472088               15  0.54723417458314727     
01s05
   7.1505612036940942               15  0.47670408024627292     
01s06
   6.2202983405412313               15  0.41468655603608207     
01s07
   8.7579889981509211               15  0.58386593321006142     
01s08
   4.0158921805018108               15  0.26772614536678740     
01s09
   9.7928280634265548               15  0.65285520422843701     
01s10
   11.358491767733209               15  0.75723278451554732     
02s04
   9.0309966292719874               15  0.60206644195146586     
02s05
   10.033099750842936               15  0.66887331672286243     
02s06
   10.819322189027211               15  0.72128814593514745     
02s12
   4.1569878247573007               15  0.27713252165048669     
02s13
   3.0280578385872872                6  0.50467630643121453     
03s09
   13.369786668690972               15  0.89131911124606478     
