00s06
   3.7182993544793685                6  0.61971655907989476     
00s07
   3.7556524707140255                6  0.62594207845233762     
01s04
   8.2255256212466605               15  0.54836837474977740     
01s05
   7.0609588142171695               15  0.47073058761447795     
01s06
   6.4079902994519005               15  0.42719935329679337     
01s07
   8.7603236455250197               15  0.58402157636833463     
01s08
   3.9932360483291536               15  0.26621573655527692     
01s09
   9.6550404103939194               15  0.64366936069292802     
01s10
   11.308187980601600               15  0.75387919870677333     
02s04
   9.2009992067080013               15  0.61339994711386669     
02s05
   10.065511962679466               15  0.67103413084529773     
02s06
   10.817459118608218               15  0.72116394124054783     
02s12
   4.1462563317395622               15  0.27641708878263749     
02s13
   3.0164495699918255                6  0.50274159499863758     
03s09
   13.423019542544173               15  0.89486796950294489     
