00s06
   3.7170996881442555                6  0.61951661469070929     
00s07
   3.7581438710962676                6  0.62635731184937793     
01s04
   8.2167579529578720               15  0.54778386353052477     
01s05
   7.1031159918421807               15  0.47354106612281205     
01s06
   6.3176957271566128               15  0.42117971514377417     
01s07
   8.7598904683367902               15  0.58399269788911934     
01s08
   4.0036898240374281               15  0.26691265493582855     
01s09
   9.7203212964288532               15  0.64802141976192351     
01s10
   11.332879537048036               15  0.75552530246986915     
02s04
   9.1100560485667295               15  0.60733706990444858     
02s05
   10.050044111074458               15  0.67000294073829714     
02s06
   10.818269915172294               15  0.72121799434481959     
02s12
   4.1514883247529317               15  0.27676588831686211     
02s13
   3.0221561777535264                6  0.50369269629225444     
03s09
   13.397381682922001               15  0.89315877886146677     
