00s06
   3.7453275158398602                6  0.62422125263997674     
00s07
   3.7261725454108827                6  0.62102875756848042     
01s04
   8.4059634864333876               15  0.56039756576222588     
01s05
   6.9600437900269627               15  0.46400291933513083     
01s06
   7.3308830931273805               15  0.48872553954182535     
01s07
   8.9267980585161180               15  0.59511987056774118     
01s08
   3.9308130270697710               15  0.26205420180465139     
01s09
   9.0458687404681424               15  0.60305791603120951     
01s10
   10.966684860357747               15  0.73111232402384974     
02s04
   10.096072423026978               15  0.67307149486846518     
02s05
   10.226395655775811               15  0.68175971038505401     
02s06
   10.816571205692204               15  0.72110474704614691     
02s12
   4.0803343361152251               15  0.27202228907434833     
02s13
   2.9358544263215318                6  0.48930907105358862     
03s09
   13.755952995774049               15  0.91706353305160326     
