  -169059.40157792324     
  -27611.971511026430     
  -3682.4233606877465     
  -11757.493140738379     
  -15389.236943780590     
  -14093.342553857752     
  -20850.270386995860     
  -4897.3535076862245     
  -6265.2126477005168     
   7330.6778561803912     
  -12977.574827469231     
  -6756.2802872832935     
  -6279.3080377576571     
  -8110.8793927300130     
  -5329.8311408471000     
  -196325.32585070014     
  -35224.776257375102     
  -5016.9597608132390     
  -13644.292398096655     
  -16554.386525699607     
  -13360.878657804056     
  -23757.575964103926     
  -6335.2737963564414     
  -7800.1490682971462     
   7812.9349229155505     
  -14558.431061976869     
  -5891.0837920569702     
  -7722.6939411594467     
  -9252.3616084875612     
  -6368.7890156835811     
  -162620.84023004296     
  -94529.992677251226     
  -8441.2994114794819     
  -26235.225322797898     
  -5627.7589076411496     
  -885.57825809211181     
  -33308.658816782881     
  -11574.165542459921     
  -8471.2453115079534     
   15713.929165849273     
  -20743.908657655324     
  -4503.2259152417682     
  -14340.464729599744     
  -9394.7834824729016     
  -13339.361482338103     
