qmu_3bspl_900000.sph
-90 -180 2400
-90 -175 2400
-90 -170 2400
-90 -165 2400
-90 -160 2400
-90 -155 2400
-90 -150 2400
-90 -145 2400
-90 -140 2400
-90 -135 2400
-90 -130 2400
-90 -125 2400
-90 -120 2400
-90 -115 2400
-90 -110 2400
-90 -105 2400
-90 -100 2400
-90 -95 2400
-90 -90 2400
-90 -85 2400
-90 -80 2400
-90 -75 2400
-90 -70 2400
-90 -65 2400
-90 -60 2400
-90 -55 2400
-90 -50 2400
-90 -45 2400
-90 -40 2400
-90 -35 2400
-90 -30 2400
-90 -25 2400
-90 -20 2400
-90 -15 2400
-90 -10 2400
-90 -5 2400
-90 0 2400
-90 5 2400
-90 10 2400
-90 15 2400
-90 20 2400
-90 25 2400
-90 30 2400
-90 35 2400
-90 40 2400
-90 45 2400
-90 50 2400
-90 55 2400
-90 60 2400
-90 65 2400
-90 70 2400
-90 75 2400
-90 80 2400
-90 85 2400
-90 90 2400
-90 95 2400
-90 100 2400
-90 105 2400
-90 110 2400
-90 115 2400
-90 120 2400
-90 125 2400
-90 130 2400
-90 135 2400
-90 140 2400
-90 145 2400
-90 150 2400
-90 155 2400
-90 160 2400
-90 165 2400
-90 170 2400
-90 175 2400
-90 180 2400
-85 -180 2400
-85 -175 2400
-85 -170 2400
-85 -165 2400
-85 -160 2400
-85 -155 2400
-85 -150 2400
-85 -145 2400
-85 -140 2400
-85 -135 2400
-85 -130 2400
-85 -125 2400
-85 -120 2400
-85 -115 2400
-85 -110 2400
-85 -105 2400
-85 -100 2400
-85 -95 2400
-85 -90 2400
-85 -85 2400
-85 -80 2400
-85 -75 2400
-85 -70 2400
-85 -65 2400
-85 -60 2400
-85 -55 2400
-85 -50 2400
-85 -45 2400
-85 -40 2400
-85 -35 2400
-85 -30 2400
-85 -25 2400
-85 -20 2400
-85 -15 2400
-85 -10 2400
-85 -5 2400
-85 0 2400
-85 5 2400
-85 10 2400
-85 15 2400
-85 20 2400
-85 25 2400
-85 30 2400
-85 35 2400
-85 40 2400
-85 45 2400
-85 50 2400
-85 55 2400
-85 60 2400
-85 65 2400
-85 70 2400
-85 75 2400
-85 80 2400
-85 85 2400
-85 90 2400
-85 95 2400
-85 100 2400
-85 105 2400
-85 110 2400
-85 115 2400
-85 120 2400
-85 125 2400
-85 130 2400
-85 135 2400
-85 140 2400
-85 145 2400
-85 150 2400
-85 155 2400
-85 160 2400
-85 165 2400
-85 170 2400
-85 175 2400
-85 180 2400
-80 -180 2400
-80 -175 2400
-80 -170 2400
-80 -165 2400
-80 -160 2400
-80 -155 2400
-80 -150 2400
-80 -145 2400
-80 -140 2400
-80 -135 2400
-80 -130 2400
-80 -125 2400
-80 -120 2400
-80 -115 2400
-80 -110 2400
-80 -105 2400
-80 -100 2400
-80 -95 2400
-80 -90 2400
-80 -85 2400
-80 -80 2400
-80 -75 2400
-80 -70 2400
-80 -65 2400
-80 -60 2400
-80 -55 2400
-80 -50 2400
-80 -45 2400
-80 -40 2400
-80 -35 2400
-80 -30 2400
-80 -25 2400
-80 -20 2400
-80 -15 2400
-80 -10 2400
-80 -5 2400
-80 0 2400
-80 5 2400
-80 10 2400
-80 15 2400
-80 20 2400
-80 25 2400
-80 30 2400
-80 35 2400
-80 40 2400
-80 45 2400
-80 50 2400
-80 55 2400
-80 60 2400
-80 65 2400
-80 70 2400
-80 75 2400
-80 80 2400
-80 85 2400
-80 90 2400
-80 95 2400
-80 100 2400
-80 105 2400
-80 110 2400
-80 115 2400
-80 120 2400
-80 125 2400
-80 130 2400
-80 135 2400
-80 140 2400
-80 145 2400
-80 150 2400
-80 155 2400
-80 160 2400
-80 165 2400
-80 170 2400
-80 175 2400
-80 180 2400
-75 -180 2400
-75 -175 2400
-75 -170 2400
-75 -165 2400
-75 -160 2400
-75 -155 2400
-75 -150 2400
-75 -145 2400
-75 -140 2400
-75 -135 2400
-75 -130 2400
-75 -125 2400
-75 -120 2400
-75 -115 2400
-75 -110 2400
-75 -105 2400
-75 -100 2400
-75 -95 2400
-75 -90 2400
-75 -85 2400
-75 -80 2400
-75 -75 2400
-75 -70 2400
-75 -65 2400
-75 -60 2400
-75 -55 2400
-75 -50 2400
-75 -45 2400
-75 -40 2400
-75 -35 2400
-75 -30 2400
-75 -25 2400
-75 -20 2400
-75 -15 2400
-75 -10 2400
-75 -5 2400
-75 0 2400
-75 5 2400
-75 10 2400
-75 15 2400
-75 20 2400
-75 25 2400
-75 30 2400
-75 35 2400
-75 40 2400
-75 45 2400
-75 50 2400
-75 55 2400
-75 60 2400
-75 65 2400
-75 70 2400
-75 75 2400
-75 80 2400
-75 85 2400
-75 90 2400
-75 95 2400
-75 100 2400
-75 105 2400
-75 110 2400
-75 115 2400
-75 120 2400
-75 125 2400
-75 130 2400
-75 135 2400
-75 140 2400
-75 145 2400
-75 150 2400
-75 155 2400
-75 160 2400
-75 165 2400
-75 170 2400
-75 175 2400
-75 180 2400
-70 -180 2400
-70 -175 2400
-70 -170 2400
-70 -165 2400
-70 -160 2400
-70 -155 2400
-70 -150 2400
-70 -145 2400
-70 -140 2400
-70 -135 2400
-70 -130 2400
-70 -125 2400
-70 -120 2400
-70 -115 2400
-70 -110 2400
-70 -105 2400
-70 -100 2400
-70 -95 2400
-70 -90 2400
-70 -85 2400
-70 -80 2400
-70 -75 2400
-70 -70 2400
-70 -65 2400
-70 -60 2400
-70 -55 2400
-70 -50 2400
-70 -45 2400
-70 -40 2400
-70 -35 2400
-70 -30 2400
-70 -25 2400
-70 -20 2400
-70 -15 2400
-70 -10 2400
-70 -5 2400
-70 0 2400
-70 5 2400
-70 10 2400
-70 15 2400
-70 20 2400
-70 25 2400
-70 30 2400
-70 35 2400
-70 40 2400
-70 45 2400
-70 50 2400
-70 55 2400
-70 60 2400
-70 65 2400
-70 70 2400
-70 75 2400
-70 80 2400
-70 85 2400
-70 90 2400
-70 95 2400
-70 100 2400
-70 105 2400
-70 110 2400
-70 115 2400
-70 120 2400
-70 125 2400
-70 130 2400
-70 135 2400
-70 140 2400
-70 145 2400
-70 150 2400
-70 155 2400
-70 160 2400
-70 165 2400
-70 170 2400
-70 175 2400
-70 180 2400
-65 -180 2400
-65 -175 2400
-65 -170 2400
-65 -165 2400
-65 -160 2400
-65 -155 2400
-65 -150 2400
-65 -145 2400
-65 -140 2400
-65 -135 2400
-65 -130 2400
-65 -125 2400
-65 -120 2400
-65 -115 2400
-65 -110 2400
-65 -105 2400
-65 -100 2400
-65 -95 2400
-65 -90 2400
-65 -85 2400
-65 -80 2400
-65 -75 2400
-65 -70 2400
-65 -65 2400
-65 -60 2400
-65 -55 2400
-65 -50 2400
-65 -45 2400
-65 -40 2400
-65 -35 2400
-65 -30 2400
-65 -25 2400
-65 -20 2400
-65 -15 2400
-65 -10 2400
-65 -5 2400
-65 0 2400
-65 5 2400
-65 10 2400
-65 15 2400
-65 20 2400
-65 25 2400
-65 30 2400
-65 35 2400
-65 40 2400
-65 45 2400
-65 50 2400
-65 55 2400
-65 60 2400
-65 65 2400
-65 70 2400
-65 75 2400
-65 80 2400
-65 85 2400
-65 90 2400
-65 95 2400
-65 100 2400
-65 105 2400
-65 110 2400
-65 115 2400
-65 120 2400
-65 125 2400
-65 130 2400
-65 135 2400
-65 140 2400
-65 145 2400
-65 150 2400
-65 155 2400
-65 160 2400
-65 165 2400
-65 170 2400
-65 175 2400
-65 180 2400
-60 -180 2400
-60 -175 2400
-60 -170 2400
-60 -165 2400
-60 -160 2400
-60 -155 2400
-60 -150 2400
-60 -145 2400
-60 -140 2400
-60 -135 2400
-60 -130 2400
-60 -125 2400
-60 -120 2400
-60 -115 2400
-60 -110 2400
-60 -105 2400
-60 -100 2400
-60 -95 2400
-60 -90 2400
-60 -85 2400
-60 -80 2400
-60 -75 2400
-60 -70 2400
-60 -65 2400
-60 -60 2400
-60 -55 2400
-60 -50 2400
-60 -45 2400
-60 -40 2400
-60 -35 2400
-60 -30 2400
-60 -25 2400
-60 -20 2400
-60 -15 2400
-60 -10 2400
-60 -5 2400
-60 0 2400
-60 5 2400
-60 10 2400
-60 15 2400
-60 20 2400
-60 25 2400
-60 30 2400
-60 35 2400
-60 40 2400
-60 45 2400
-60 50 2400
-60 55 2400
-60 60 2400
-60 65 2400
-60 70 2400
-60 75 2400
-60 80 2400
-60 85 2400
-60 90 2400
-60 95 2400
-60 100 2400
-60 105 2400
-60 110 2400
-60 115 2400
-60 120 2400
-60 125 2400
-60 130 2400
-60 135 2400
-60 140 2400
-60 145 2400
-60 150 2400
-60 155 2400
-60 160 2400
-60 165 2400
-60 170 2400
-60 175 2400
-60 180 2400
-55 -180 2400
-55 -175 2400
-55 -170 2400
-55 -165 2400
-55 -160 2400
-55 -155 2400
-55 -150 2400
-55 -145 2400
-55 -140 2400
-55 -135 2400
-55 -130 2400
-55 -125 2400
-55 -120 2400
-55 -115 2400
-55 -110 2400
-55 -105 2400
-55 -100 2400
-55 -95 2400
-55 -90 2400
-55 -85 2400
-55 -80 2400
-55 -75 2400
-55 -70 2400
-55 -65 2400
-55 -60 2400
-55 -55 2400
-55 -50 2400
-55 -45 2400
-55 -40 2400
-55 -35 2400
-55 -30 2400
-55 -25 2400
-55 -20 2400
-55 -15 2400
-55 -10 2400
-55 -5 2400
-55 0 2400
-55 5 2400
-55 10 2400
-55 15 2400
-55 20 2400
-55 25 2400
-55 30 2400
-55 35 2400
-55 40 2400
-55 45 2400
-55 50 2400
-55 55 2400
-55 60 2400
-55 65 2400
-55 70 2400
-55 75 2400
-55 80 2400
-55 85 2400
-55 90 2400
-55 95 2400
-55 100 2400
-55 105 2400
-55 110 2400
-55 115 2400
-55 120 2400
-55 125 2400
-55 130 2400
-55 135 2400
-55 140 2400
-55 145 2400
-55 150 2400
-55 155 2400
-55 160 2400
-55 165 2400
-55 170 2400
-55 175 2400
-55 180 2400
-50 -180 2400
-50 -175 2400
-50 -170 2400
-50 -165 2400
-50 -160 2400
-50 -155 2400
-50 -150 2400
-50 -145 2400
-50 -140 2400
-50 -135 2400
-50 -130 2400
-50 -125 2400
-50 -120 2400
-50 -115 2400
-50 -110 2400
-50 -105 2400
-50 -100 2400
-50 -95 2400
-50 -90 2400
-50 -85 2400
-50 -80 2400
-50 -75 2400
-50 -70 2400
-50 -65 2400
-50 -60 2400
-50 -55 2400
-50 -50 2400
-50 -45 2400
-50 -40 2400
-50 -35 2400
-50 -30 2400
-50 -25 2400
-50 -20 2400
-50 -15 2400
-50 -10 2400
-50 -5 2400
-50 0 2400
-50 5 2400
-50 10 2400
-50 15 2400
-50 20 2400
-50 25 2400
-50 30 2400
-50 35 2400
-50 40 2400
-50 45 2400
-50 50 2400
-50 55 2400
-50 60 2400
-50 65 2400
-50 70 2400
-50 75 2400
-50 80 2400
-50 85 2400
-50 90 2400
-50 95 2400
-50 100 2400
-50 105 2400
-50 110 2400
-50 115 2400
-50 120 2400
-50 125 2400
-50 130 2400
-50 135 2400
-50 140 2400
-50 145 2400
-50 150 2400
-50 155 2400
-50 160 2400
-50 165 2400
-50 170 2400
-50 175 2400
-50 180 2400
-45 -180 2400
-45 -175 2400
-45 -170 2400
-45 -165 2400
-45 -160 2400
-45 -155 2400
-45 -150 2400
-45 -145 2400
-45 -140 2400
-45 -135 2400
-45 -130 2400
-45 -125 2400
-45 -120 2400
-45 -115 2400
-45 -110 2400
-45 -105 2400
-45 -100 2400
-45 -95 2400
-45 -90 2400
-45 -85 2400
-45 -80 2400
-45 -75 2400
-45 -70 2400
-45 -65 2400
-45 -60 2400
-45 -55 2400
-45 -50 2400
-45 -45 2400
-45 -40 2400
-45 -35 2400
-45 -30 2400
-45 -25 2400
-45 -20 2400
-45 -15 2400
-45 -10 2400
-45 -5 2400
-45 0 2400
-45 5 2400
-45 10 2400
-45 15 2400
-45 20 2400
-45 25 2400
-45 30 2400
-45 35 2400
-45 40 2400
-45 45 2400
-45 50 2400
-45 55 2400
-45 60 2400
-45 65 2400
-45 70 2400
-45 75 2400
-45 80 2400
-45 85 2400
-45 90 2400
-45 95 2400
-45 100 2400
-45 105 2400
-45 110 2400
-45 115 2400
-45 120 2400
-45 125 2400
-45 130 2400
-45 135 2400
-45 140 2400
-45 145 2400
-45 150 2400
-45 155 2400
-45 160 2400
-45 165 2400
-45 170 2400
-45 175 2400
-45 180 2400
-40 -180 2400
-40 -175 2400
-40 -170 2400
-40 -165 2400
-40 -160 2400
-40 -155 2400
-40 -150 2400
-40 -145 2400
-40 -140 2400
-40 -135 2400
-40 -130 2400
-40 -125 2400
-40 -120 2400
-40 -115 2400
-40 -110 2400
-40 -105 2400
-40 -100 2400
-40 -95 2400
-40 -90 2400
-40 -85 2400
-40 -80 2400
-40 -75 2400
-40 -70 2400
-40 -65 2400
-40 -60 2400
-40 -55 2400
-40 -50 2400
-40 -45 2400
-40 -40 2400
-40 -35 2400
-40 -30 2400
-40 -25 2400
-40 -20 2400
-40 -15 2400
-40 -10 2400
-40 -5 2400
-40 0 2400
-40 5 2400
-40 10 2400
-40 15 2400
-40 20 2400
-40 25 2400
-40 30 2400
-40 35 2400
-40 40 2400
-40 45 2400
-40 50 2400
-40 55 2400
-40 60 2400
-40 65 2400
-40 70 2400
-40 75 2400
-40 80 2400
-40 85 2400
-40 90 2400
-40 95 2400
-40 100 2400
-40 105 2400
-40 110 2400
-40 115 2400
-40 120 2400
-40 125 2400
-40 130 2400
-40 135 2400
-40 140 2400
-40 145 2400
-40 150 2400
-40 155 2400
-40 160 2400
-40 165 2400
-40 170 2400
-40 175 2400
-40 180 2400
-35 -180 2400
-35 -175 2400
-35 -170 2400
-35 -165 2400
-35 -160 2400
-35 -155 2400
-35 -150 2400
-35 -145 2400
-35 -140 2400
-35 -135 2400
-35 -130 2400
-35 -125 2400
-35 -120 2400
-35 -115 2400
-35 -110 2400
-35 -105 2400
-35 -100 2400
-35 -95 2400
-35 -90 2400
-35 -85 2400
-35 -80 2400
-35 -75 2400
-35 -70 2400
-35 -65 2400
-35 -60 2400
-35 -55 2400
-35 -50 2400
-35 -45 2400
-35 -40 2400
-35 -35 2400
-35 -30 2400
-35 -25 2400
-35 -20 2400
-35 -15 2400
-35 -10 2400
-35 -5 2400
-35 0 2400
-35 5 2400
-35 10 2400
-35 15 2400
-35 20 2400
-35 25 2400
-35 30 2400
-35 35 2400
-35 40 2400
-35 45 2400
-35 50 2400
-35 55 2400
-35 60 2400
-35 65 2400
-35 70 2400
-35 75 2400
-35 80 2400
-35 85 2400
-35 90 2400
-35 95 2400
-35 100 2400
-35 105 2400
-35 110 2400
-35 115 2400
-35 120 2400
-35 125 2400
-35 130 2400
-35 135 2400
-35 140 2400
-35 145 2400
-35 150 2400
-35 155 2400
-35 160 2400
-35 165 2400
-35 170 2400
-35 175 2400
-35 180 2400
-30 -180 2400
-30 -175 2400
-30 -170 2400
-30 -165 2400
-30 -160 2400
-30 -155 2400
-30 -150 2400
-30 -145 2400
-30 -140 2400
-30 -135 2400
-30 -130 2400
-30 -125 2400
-30 -120 2400
-30 -115 2400
-30 -110 2400
-30 -105 2400
-30 -100 2400
-30 -95 2400
-30 -90 2400
-30 -85 2400
-30 -80 2400
-30 -75 2400
-30 -70 2400
-30 -65 2400
-30 -60 2400
-30 -55 2400
-30 -50 2400
-30 -45 2400
-30 -40 2400
-30 -35 2400
-30 -30 2400
-30 -25 2400
-30 -20 2400
-30 -15 2400
-30 -10 2400
-30 -5 2400
-30 0 2400
-30 5 2400
-30 10 2400
-30 15 2400
-30 20 2400
-30 25 2400
-30 30 2400
-30 35 2400
-30 40 2400
-30 45 2400
-30 50 2400
-30 55 2400
-30 60 2400
-30 65 2400
-30 70 2400
-30 75 2400
-30 80 2400
-30 85 2400
-30 90 2400
-30 95 2400
-30 100 2400
-30 105 2400
-30 110 2400
-30 115 2400
-30 120 2400
-30 125 2400
-30 130 2400
-30 135 2400
-30 140 2400
-30 145 2400
-30 150 2400
-30 155 2400
-30 160 2400
-30 165 2400
-30 170 2400
-30 175 2400
-30 180 2400
-25 -180 2400
-25 -175 2400
-25 -170 2400
-25 -165 2400
-25 -160 2400
-25 -155 2400
-25 -150 2400
-25 -145 2400
-25 -140 2400
-25 -135 2400
-25 -130 2400
-25 -125 2400
-25 -120 2400
-25 -115 2400
-25 -110 2400
-25 -105 2400
-25 -100 2400
-25 -95 2400
-25 -90 2400
-25 -85 2400
-25 -80 2400
-25 -75 2400
-25 -70 2400
-25 -65 2400
-25 -60 2400
-25 -55 2400
-25 -50 2400
-25 -45 2400
-25 -40 2400
-25 -35 2400
-25 -30 2400
-25 -25 2400
-25 -20 2400
-25 -15 2400
-25 -10 2400
-25 -5 2400
-25 0 2400
-25 5 2400
-25 10 2400
-25 15 2400
-25 20 2400
-25 25 2400
-25 30 2400
-25 35 2400
-25 40 2400
-25 45 2400
-25 50 2400
-25 55 2400
-25 60 2400
-25 65 2400
-25 70 2400
-25 75 2400
-25 80 2400
-25 85 2400
-25 90 2400
-25 95 2400
-25 100 2400
-25 105 2400
-25 110 2400
-25 115 2400
-25 120 2400
-25 125 2400
-25 130 2400
-25 135 2400
-25 140 2400
-25 145 2400
-25 150 2400
-25 155 2400
-25 160 2400
-25 165 2400
-25 170 2400
-25 175 2400
-25 180 2400
-20 -180 2400
-20 -175 2400
-20 -170 2400
-20 -165 2400
-20 -160 2400
-20 -155 2400
-20 -150 2400
-20 -145 2400
-20 -140 2400
-20 -135 2400
-20 -130 2400
-20 -125 2400
-20 -120 2400
-20 -115 2400
-20 -110 2400
-20 -105 2400
-20 -100 2400
-20 -95 2400
-20 -90 2400
-20 -85 2400
-20 -80 2400
-20 -75 2400
-20 -70 2400
-20 -65 2400
-20 -60 2400
-20 -55 2400
-20 -50 2400
-20 -45 2400
-20 -40 2400
-20 -35 2400
-20 -30 2400
-20 -25 2400
-20 -20 2400
-20 -15 2400
-20 -10 2400
-20 -5 2400
-20 0 2400
-20 5 2400
-20 10 2400
-20 15 2400
-20 20 2400
-20 25 2400
-20 30 2400
-20 35 2400
-20 40 2400
-20 45 2400
-20 50 2400
-20 55 2400
-20 60 2400
-20 65 2400
-20 70 2400
-20 75 2400
-20 80 2400
-20 85 2400
-20 90 2400
-20 95 2400
-20 100 2400
-20 105 2400
-20 110 2400
-20 115 2400
-20 120 2400
-20 125 2400
-20 130 2400
-20 135 2400
-20 140 2400
-20 145 2400
-20 150 2400
-20 155 2400
-20 160 2400
-20 165 2400
-20 170 2400
-20 175 2400
-20 180 2400
-15 -180 2400
-15 -175 2400
-15 -170 2400
-15 -165 2400
-15 -160 2400
-15 -155 2400
-15 -150 2400
-15 -145 2400
-15 -140 2400
-15 -135 2400
-15 -130 2400
-15 -125 2400
-15 -120 2400
-15 -115 2400
-15 -110 2400
-15 -105 2400
-15 -100 2400
-15 -95 2400
-15 -90 2400
-15 -85 2400
-15 -80 2400
-15 -75 2400
-15 -70 2400
-15 -65 2400
-15 -60 2400
-15 -55 2400
-15 -50 2400
-15 -45 2400
-15 -40 2400
-15 -35 2400
-15 -30 2400
-15 -25 2400
-15 -20 2400
-15 -15 2400
-15 -10 2400
-15 -5 2400
-15 0 2400
-15 5 2400
-15 10 2400
-15 15 2400
-15 20 2400
-15 25 2400
-15 30 2400
-15 35 2400
-15 40 2400
-15 45 2400
-15 50 2400
-15 55 2400
-15 60 2400
-15 65 2400
-15 70 2400
-15 75 2400
-15 80 2400
-15 85 2400
-15 90 2400
-15 95 2400
-15 100 2400
-15 105 2400
-15 110 2400
-15 115 2400
-15 120 2400
-15 125 2400
-15 130 2400
-15 135 2400
-15 140 2400
-15 145 2400
-15 150 2400
-15 155 2400
-15 160 2400
-15 165 2400
-15 170 2400
-15 175 2400
-15 180 2400
-10 -180 2400
-10 -175 2400
-10 -170 2400
-10 -165 2400
-10 -160 2400
-10 -155 2400
-10 -150 2400
-10 -145 2400
-10 -140 2400
-10 -135 2400
-10 -130 2400
-10 -125 2400
-10 -120 2400
-10 -115 2400
-10 -110 2400
-10 -105 2400
-10 -100 2400
-10 -95 2400
-10 -90 2400
-10 -85 2400
-10 -80 2400
-10 -75 2400
-10 -70 2400
-10 -65 2400
-10 -60 2400
-10 -55 2400
-10 -50 2400
-10 -45 2400
-10 -40 2400
-10 -35 2400
-10 -30 2400
-10 -25 2400
-10 -20 2400
-10 -15 2400
-10 -10 2400
-10 -5 2400
-10 0 2400
-10 5 2400
-10 10 2400
-10 15 2400
-10 20 2400
-10 25 2400
-10 30 2400
-10 35 2400
-10 40 2400
-10 45 2400
-10 50 2400
-10 55 2400
-10 60 2400
-10 65 2400
-10 70 2400
-10 75 2400
-10 80 2400
-10 85 2400
-10 90 2400
-10 95 2400
-10 100 2400
-10 105 2400
-10 110 2400
-10 115 2400
-10 120 2400
-10 125 2400
-10 130 2400
-10 135 2400
-10 140 2400
-10 145 2400
-10 150 2400
-10 155 2400
-10 160 2400
-10 165 2400
-10 170 2400
-10 175 2400
-10 180 2400
-5 -180 2400
-5 -175 2400
-5 -170 2400
-5 -165 2400
-5 -160 2400
-5 -155 2400
-5 -150 2400
-5 -145 2400
-5 -140 2400
-5 -135 2400
-5 -130 2400
-5 -125 2400
-5 -120 2400
-5 -115 2400
-5 -110 2400
-5 -105 2400
-5 -100 2400
-5 -95 2400
-5 -90 2400
-5 -85 2400
-5 -80 2400
-5 -75 2400
-5 -70 2400
-5 -65 2400
-5 -60 2400
-5 -55 2400
-5 -50 2400
-5 -45 2400
-5 -40 2400
-5 -35 2400
-5 -30 2400
-5 -25 2400
-5 -20 2400
-5 -15 2400
-5 -10 2400
-5 -5 2400
-5 0 2400
-5 5 2400
-5 10 2400
-5 15 2400
-5 20 2400
-5 25 2400
-5 30 2400
-5 35 2400
-5 40 2400
-5 45 2400
-5 50 2400
-5 55 2400
-5 60 2400
-5 65 2400
-5 70 2400
-5 75 2400
-5 80 2400
-5 85 2400
-5 90 2400
-5 95 2400
-5 100 2400
-5 105 2400
-5 110 2400
-5 115 2400
-5 120 2400
-5 125 2400
-5 130 2400
-5 135 2400
-5 140 2400
-5 145 2400
-5 150 2400
-5 155 2400
-5 160 2400
-5 165 2400
-5 170 2400
-5 175 2400
-5 180 2400
0 -180 2400
0 -175 2400
0 -170 2400
0 -165 2400
0 -160 2400
0 -155 2400
0 -150 2400
0 -145 2400
0 -140 2400
0 -135 2400
0 -130 2400
0 -125 2400
0 -120 2400
0 -115 2400
0 -110 2400
0 -105 2400
0 -100 2400
0 -95 2400
0 -90 2400
0 -85 2400
0 -80 2400
0 -75 2400
0 -70 2400
0 -65 2400
0 -60 2400
0 -55 2400
0 -50 2400
0 -45 2400
0 -40 2400
0 -35 2400
0 -30 2400
0 -25 2400
0 -20 2400
0 -15 2400
0 -10 2400
0 -5 2400
0 0 2400
0 5 2400
0 10 2400
0 15 2400
0 20 2400
0 25 2400
0 30 2400
0 35 2400
0 40 2400
0 45 2400
0 50 2400
0 55 2400
0 60 2400
0 65 2400
0 70 2400
0 75 2400
0 80 2400
0 85 2400
0 90 2400
0 95 2400
0 100 2400
0 105 2400
0 110 2400
0 115 2400
0 120 2400
0 125 2400
0 130 2400
0 135 2400
0 140 2400
0 145 2400
0 150 2400
0 155 2400
0 160 2400
0 165 2400
0 170 2400
0 175 2400
0 180 2400
5 -180 2400
5 -175 2400
5 -170 2400
5 -165 2400
5 -160 2400
5 -155 2400
5 -150 2400
5 -145 2400
5 -140 2400
5 -135 2400
5 -130 2400
5 -125 2400
5 -120 2400
5 -115 2400
5 -110 2400
5 -105 2400
5 -100 2400
5 -95 2400
5 -90 2400
5 -85 2400
5 -80 2400
5 -75 2400
5 -70 2400
5 -65 2400
5 -60 2400
5 -55 2400
5 -50 2400
5 -45 2400
5 -40 2400
5 -35 2400
5 -30 2400
5 -25 2400
5 -20 2400
5 -15 2400
5 -10 2400
5 -5 2400
5 0 2400
5 5 2400
5 10 2400
5 15 2400
5 20 2400
5 25 2400
5 30 2400
5 35 2400
5 40 2400
5 45 2400
5 50 2400
5 55 2400
5 60 2400
5 65 2400
5 70 2400
5 75 2400
5 80 2400
5 85 2400
5 90 2400
5 95 2400
5 100 2400
5 105 2400
5 110 2400
5 115 2400
5 120 2400
5 125 2400
5 130 2400
5 135 2400
5 140 2400
5 145 2400
5 150 2400
5 155 2400
5 160 2400
5 165 2400
5 170 2400
5 175 2400
5 180 2400
10 -180 2400
10 -175 2400
10 -170 2400
10 -165 2400
10 -160 2400
10 -155 2400
10 -150 2400
10 -145 2400
10 -140 2400
10 -135 2400
10 -130 2400
10 -125 2400
10 -120 2400
10 -115 2400
10 -110 2400
10 -105 2400
10 -100 2400
10 -95 2400
10 -90 2400
10 -85 2400
10 -80 2400
10 -75 2400
10 -70 2400
10 -65 2400
10 -60 2400
10 -55 2400
10 -50 2400
10 -45 2400
10 -40 2400
10 -35 2400
10 -30 2400
10 -25 2400
10 -20 2400
10 -15 2400
10 -10 2400
10 -5 2400
10 0 2400
10 5 2400
10 10 2400
10 15 2400
10 20 2400
10 25 2400
10 30 2400
10 35 2400
10 40 2400
10 45 2400
10 50 2400
10 55 2400
10 60 2400
10 65 2400
10 70 2400
10 75 2400
10 80 2400
10 85 2400
10 90 2400
10 95 2400
10 100 2400
10 105 2400
10 110 2400
10 115 2400
10 120 2400
10 125 2400
10 130 2400
10 135 2400
10 140 2400
10 145 2400
10 150 2400
10 155 2400
10 160 2400
10 165 2400
10 170 2400
10 175 2400
10 180 2400
15 -180 2400
15 -175 2400
15 -170 2400
15 -165 2400
15 -160 2400
15 -155 2400
15 -150 2400
15 -145 2400
15 -140 2400
15 -135 2400
15 -130 2400
15 -125 2400
15 -120 2400
15 -115 2400
15 -110 2400
15 -105 2400
15 -100 2400
15 -95 2400
15 -90 2400
15 -85 2400
15 -80 2400
15 -75 2400
15 -70 2400
15 -65 2400
15 -60 2400
15 -55 2400
15 -50 2400
15 -45 2400
15 -40 2400
15 -35 2400
15 -30 2400
15 -25 2400
15 -20 2400
15 -15 2400
15 -10 2400
15 -5 2400
15 0 2400
15 5 2400
15 10 2400
15 15 2400
15 20 2400
15 25 2400
15 30 2400
15 35 2400
15 40 2400
15 45 2400
15 50 2400
15 55 2400
15 60 2400
15 65 2400
15 70 2400
15 75 2400
15 80 2400
15 85 2400
15 90 2400
15 95 2400
15 100 2400
15 105 2400
15 110 2400
15 115 2400
15 120 2400
15 125 2400
15 130 2400
15 135 2400
15 140 2400
15 145 2400
15 150 2400
15 155 2400
15 160 2400
15 165 2400
15 170 2400
15 175 2400
15 180 2400
20 -180 2400
20 -175 2400
20 -170 2400
20 -165 2400
20 -160 2400
20 -155 2400
20 -150 2400
20 -145 2400
20 -140 2400
20 -135 2400
20 -130 2400
20 -125 2400
20 -120 2400
20 -115 2400
20 -110 2400
20 -105 2400
20 -100 2400
20 -95 2400
20 -90 2400
20 -85 2400
20 -80 2400
20 -75 2400
20 -70 2400
20 -65 2400
20 -60 2400
20 -55 2400
20 -50 2400
20 -45 2400
20 -40 2400
20 -35 2400
20 -30 2400
20 -25 2400
20 -20 2400
20 -15 2400
20 -10 2400
20 -5 2400
20 0 2400
20 5 2400
20 10 2400
20 15 2400
20 20 2400
20 25 2400
20 30 2400
20 35 2400
20 40 2400
20 45 2400
20 50 2400
20 55 2400
20 60 2400
20 65 2400
20 70 2400
20 75 2400
20 80 2400
20 85 2400
20 90 2400
20 95 2400
20 100 2400
20 105 2400
20 110 2400
20 115 2400
20 120 2400
20 125 2400
20 130 2400
20 135 2400
20 140 2400
20 145 2400
20 150 2400
20 155 2400
20 160 2400
20 165 2400
20 170 2400
20 175 2400
20 180 2400
25 -180 2400
25 -175 2400
25 -170 2400
25 -165 2400
25 -160 2400
25 -155 2400
25 -150 2400
25 -145 2400
25 -140 2400
25 -135 2400
25 -130 2400
25 -125 2400
25 -120 2400
25 -115 2400
25 -110 2400
25 -105 2400
25 -100 2400
25 -95 2400
25 -90 2400
25 -85 2400
25 -80 2400
25 -75 2400
25 -70 2400
25 -65 2400
25 -60 2400
25 -55 2400
25 -50 2400
25 -45 2400
25 -40 2400
25 -35 2400
25 -30 2400
25 -25 2400
25 -20 2400
25 -15 2400
25 -10 2400
25 -5 2400
25 0 2400
25 5 2400
25 10 2400
25 15 2400
25 20 2400
25 25 2400
25 30 2400
25 35 2400
25 40 2400
25 45 2400
25 50 2400
25 55 2400
25 60 2400
25 65 2400
25 70 2400
25 75 2400
25 80 2400
25 85 2400
25 90 2400
25 95 2400
25 100 2400
25 105 2400
25 110 2400
25 115 2400
25 120 2400
25 125 2400
25 130 2400
25 135 2400
25 140 2400
25 145 2400
25 150 2400
25 155 2400
25 160 2400
25 165 2400
25 170 2400
25 175 2400
25 180 2400
30 -180 2400
30 -175 2400
30 -170 2400
30 -165 2400
30 -160 2400
30 -155 2400
30 -150 2400
30 -145 2400
30 -140 2400
30 -135 2400
30 -130 2400
30 -125 2400
30 -120 2400
30 -115 2400
30 -110 2400
30 -105 2400
30 -100 2400
30 -95 2400
30 -90 2400
30 -85 2400
30 -80 2400
30 -75 2400
30 -70 2400
30 -65 2400
30 -60 2400
30 -55 2400
30 -50 2400
30 -45 2400
30 -40 2400
30 -35 2400
30 -30 2400
30 -25 2400
30 -20 2400
30 -15 2400
30 -10 2400
30 -5 2400
30 0 2400
30 5 2400
30 10 2400
30 15 2400
30 20 2400
30 25 2400
30 30 2400
30 35 2400
30 40 2400
30 45 2400
30 50 2400
30 55 2400
30 60 2400
30 65 2400
30 70 2400
30 75 2400
30 80 2400
30 85 2400
30 90 2400
30 95 2400
30 100 2400
30 105 2400
30 110 2400
30 115 2400
30 120 2400
30 125 2400
30 130 2400
30 135 2400
30 140 2400
30 145 2400
30 150 2400
30 155 2400
30 160 2400
30 165 2400
30 170 2400
30 175 2400
30 180 2400
35 -180 2400
35 -175 2400
35 -170 2400
35 -165 2400
35 -160 2400
35 -155 2400
35 -150 2400
35 -145 2400
35 -140 2400
35 -135 2400
35 -130 2400
35 -125 2400
35 -120 2400
35 -115 2400
35 -110 2400
35 -105 2400
35 -100 2400
35 -95 2400
35 -90 2400
35 -85 2400
35 -80 2400
35 -75 2400
35 -70 2400
35 -65 2400
35 -60 2400
35 -55 2400
35 -50 2400
35 -45 2400
35 -40 2400
35 -35 2400
35 -30 2400
35 -25 2400
35 -20 2400
35 -15 2400
35 -10 2400
35 -5 2400
35 0 2400
35 5 2400
35 10 2400
35 15 2400
35 20 2400
35 25 2400
35 30 2400
35 35 2400
35 40 2400
35 45 2400
35 50 2400
35 55 2400
35 60 2400
35 65 2400
35 70 2400
35 75 2400
35 80 2400
35 85 2400
35 90 2400
35 95 2400
35 100 2400
35 105 2400
35 110 2400
35 115 2400
35 120 2400
35 125 2400
35 130 2400
35 135 2400
35 140 2400
35 145 2400
35 150 2400
35 155 2400
35 160 2400
35 165 2400
35 170 2400
35 175 2400
35 180 2400
40 -180 2400
40 -175 2400
40 -170 2400
40 -165 2400
40 -160 2400
40 -155 2400
40 -150 2400
40 -145 2400
40 -140 2400
40 -135 2400
40 -130 2400
40 -125 2400
40 -120 2400
40 -115 2400
40 -110 2400
40 -105 2400
40 -100 2400
40 -95 2400
40 -90 2400
40 -85 2400
40 -80 2400
40 -75 2400
40 -70 2400
40 -65 2400
40 -60 2400
40 -55 2400
40 -50 2400
40 -45 2400
40 -40 2400
40 -35 2400
40 -30 2400
40 -25 2400
40 -20 2400
40 -15 2400
40 -10 2400
40 -5 2400
40 0 2400
40 5 2400
40 10 2400
40 15 2400
40 20 2400
40 25 2400
40 30 2400
40 35 2400
40 40 2400
40 45 2400
40 50 2400
40 55 2400
40 60 2400
40 65 2400
40 70 2400
40 75 2400
40 80 2400
40 85 2400
40 90 2400
40 95 2400
40 100 2400
40 105 2400
40 110 2400
40 115 2400
40 120 2400
40 125 2400
40 130 2400
40 135 2400
40 140 2400
40 145 2400
40 150 2400
40 155 2400
40 160 2400
40 165 2400
40 170 2400
40 175 2400
40 180 2400
45 -180 2400
45 -175 2400
45 -170 2400
45 -165 2400
45 -160 2400
45 -155 2400
45 -150 2400
45 -145 2400
45 -140 2400
45 -135 2400
45 -130 2400
45 -125 2400
45 -120 2400
45 -115 2400
45 -110 2400
45 -105 2400
45 -100 2400
45 -95 2400
45 -90 2400
45 -85 2400
45 -80 2400
45 -75 2400
45 -70 2400
45 -65 2400
45 -60 2400
45 -55 2400
45 -50 2400
45 -45 2400
45 -40 2400
45 -35 2400
45 -30 2400
45 -25 2400
45 -20 2400
45 -15 2400
45 -10 2400
45 -5 2400
45 0 2400
45 5 2400
45 10 2400
45 15 2400
45 20 2400
45 25 2400
45 30 2400
45 35 2400
45 40 2400
45 45 2400
45 50 2400
45 55 2400
45 60 2400
45 65 2400
45 70 2400
45 75 2400
45 80 2400
45 85 2400
45 90 2400
45 95 2400
45 100 2400
45 105 2400
45 110 2400
45 115 2400
45 120 2400
45 125 2400
45 130 2400
45 135 2400
45 140 2400
45 145 2400
45 150 2400
45 155 2400
45 160 2400
45 165 2400
45 170 2400
45 175 2400
45 180 2400
50 -180 2400
50 -175 2400
50 -170 2400
50 -165 2400
50 -160 2400
50 -155 2400
50 -150 2400
50 -145 2400
50 -140 2400
50 -135 2400
50 -130 2400
50 -125 2400
50 -120 2400
50 -115 2400
50 -110 2400
50 -105 2400
50 -100 2400
50 -95 2400
50 -90 2400
50 -85 2400
50 -80 2400
50 -75 2400
50 -70 2400
50 -65 2400
50 -60 2400
50 -55 2400
50 -50 2400
50 -45 2400
50 -40 2400
50 -35 2400
50 -30 2400
50 -25 2400
50 -20 2400
50 -15 2400
50 -10 2400
50 -5 2400
50 0 2400
50 5 2400
50 10 2400
50 15 2400
50 20 2400
50 25 2400
50 30 2400
50 35 2400
50 40 2400
50 45 2400
50 50 2400
50 55 2400
50 60 2400
50 65 2400
50 70 2400
50 75 2400
50 80 2400
50 85 2400
50 90 2400
50 95 2400
50 100 2400
50 105 2400
50 110 2400
50 115 2400
50 120 2400
50 125 2400
50 130 2400
50 135 2400
50 140 2400
50 145 2400
50 150 2400
50 155 2400
50 160 2400
50 165 2400
50 170 2400
50 175 2400
50 180 2400
55 -180 2400
55 -175 2400
55 -170 2400
55 -165 2400
55 -160 2400
55 -155 2400
55 -150 2400
55 -145 2400
55 -140 2400
55 -135 2400
55 -130 2400
55 -125 2400
55 -120 2400
55 -115 2400
55 -110 2400
55 -105 2400
55 -100 2400
55 -95 2400
55 -90 2400
55 -85 2400
55 -80 2400
55 -75 2400
55 -70 2400
55 -65 2400
55 -60 2400
55 -55 2400
55 -50 2400
55 -45 2400
55 -40 2400
55 -35 2400
55 -30 2400
55 -25 2400
55 -20 2400
55 -15 2400
55 -10 2400
55 -5 2400
55 0 2400
55 5 2400
55 10 2400
55 15 2400
55 20 2400
55 25 2400
55 30 2400
55 35 2400
55 40 2400
55 45 2400
55 50 2400
55 55 2400
55 60 2400
55 65 2400
55 70 2400
55 75 2400
55 80 2400
55 85 2400
55 90 2400
55 95 2400
55 100 2400
55 105 2400
55 110 2400
55 115 2400
55 120 2400
55 125 2400
55 130 2400
55 135 2400
55 140 2400
55 145 2400
55 150 2400
55 155 2400
55 160 2400
55 165 2400
55 170 2400
55 175 2400
55 180 2400
60 -180 2400
60 -175 2400
60 -170 2400
60 -165 2400
60 -160 2400
60 -155 2400
60 -150 2400
60 -145 2400
60 -140 2400
60 -135 2400
60 -130 2400
60 -125 2400
60 -120 2400
60 -115 2400
60 -110 2400
60 -105 2400
60 -100 2400
60 -95 2400
60 -90 2400
60 -85 2400
60 -80 2400
60 -75 2400
60 -70 2400
60 -65 2400
60 -60 2400
60 -55 2400
60 -50 2400
60 -45 2400
60 -40 2400
60 -35 2400
60 -30 2400
60 -25 2400
60 -20 2400
60 -15 2400
60 -10 2400
60 -5 2400
60 0 2400
60 5 2400
60 10 2400
60 15 2400
60 20 2400
60 25 2400
60 30 2400
60 35 2400
60 40 2400
60 45 2400
60 50 2400
60 55 2400
60 60 2400
60 65 2400
60 70 2400
60 75 2400
60 80 2400
60 85 2400
60 90 2400
60 95 2400
60 100 2400
60 105 2400
60 110 2400
60 115 2400
60 120 2400
60 125 2400
60 130 2400
60 135 2400
60 140 2400
60 145 2400
60 150 2400
60 155 2400
60 160 2400
60 165 2400
60 170 2400
60 175 2400
60 180 2400
65 -180 2400
65 -175 2400
65 -170 2400
65 -165 2400
65 -160 2400
65 -155 2400
65 -150 2400
65 -145 2400
65 -140 2400
65 -135 2400
65 -130 2400
65 -125 2400
65 -120 2400
65 -115 2400
65 -110 2400
65 -105 2400
65 -100 2400
65 -95 2400
65 -90 2400
65 -85 2400
65 -80 2400
65 -75 2400
65 -70 2400
65 -65 2400
65 -60 2400
65 -55 2400
65 -50 2400
65 -45 2400
65 -40 2400
65 -35 2400
65 -30 2400
65 -25 2400
65 -20 2400
65 -15 2400
65 -10 2400
65 -5 2400
65 0 2400
65 5 2400
65 10 2400
65 15 2400
65 20 2400
65 25 2400
65 30 2400
65 35 2400
65 40 2400
65 45 2400
65 50 2400
65 55 2400
65 60 2400
65 65 2400
65 70 2400
65 75 2400
65 80 2400
65 85 2400
65 90 2400
65 95 2400
65 100 2400
65 105 2400
65 110 2400
65 115 2400
65 120 2400
65 125 2400
65 130 2400
65 135 2400
65 140 2400
65 145 2400
65 150 2400
65 155 2400
65 160 2400
65 165 2400
65 170 2400
65 175 2400
65 180 2400
70 -180 2400
70 -175 2400
70 -170 2400
70 -165 2400
70 -160 2400
70 -155 2400
70 -150 2400
70 -145 2400
70 -140 2400
70 -135 2400
70 -130 2400
70 -125 2400
70 -120 2400
70 -115 2400
70 -110 2400
70 -105 2400
70 -100 2400
70 -95 2400
70 -90 2400
70 -85 2400
70 -80 2400
70 -75 2400
70 -70 2400
70 -65 2400
70 -60 2400
70 -55 2400
70 -50 2400
70 -45 2400
70 -40 2400
70 -35 2400
70 -30 2400
70 -25 2400
70 -20 2400
70 -15 2400
70 -10 2400
70 -5 2400
70 0 2400
70 5 2400
70 10 2400
70 15 2400
70 20 2400
70 25 2400
70 30 2400
70 35 2400
70 40 2400
70 45 2400
70 50 2400
70 55 2400
70 60 2400
70 65 2400
70 70 2400
70 75 2400
70 80 2400
70 85 2400
70 90 2400
70 95 2400
70 100 2400
70 105 2400
70 110 2400
70 115 2400
70 120 2400
70 125 2400
70 130 2400
70 135 2400
70 140 2400
70 145 2400
70 150 2400
70 155 2400
70 160 2400
70 165 2400
70 170 2400
70 175 2400
70 180 2400
75 -180 2400
75 -175 2400
75 -170 2400
75 -165 2400
75 -160 2400
75 -155 2400
75 -150 2400
75 -145 2400
75 -140 2400
75 -135 2400
75 -130 2400
75 -125 2400
75 -120 2400
75 -115 2400
75 -110 2400
75 -105 2400
75 -100 2400
75 -95 2400
75 -90 2400
75 -85 2400
75 -80 2400
75 -75 2400
75 -70 2400
75 -65 2400
75 -60 2400
75 -55 2400
75 -50 2400
75 -45 2400
75 -40 2400
75 -35 2400
75 -30 2400
75 -25 2400
75 -20 2400
75 -15 2400
75 -10 2400
75 -5 2400
75 0 2400
75 5 2400
75 10 2400
75 15 2400
75 20 2400
75 25 2400
75 30 2400
75 35 2400
75 40 2400
75 45 2400
75 50 2400
75 55 2400
75 60 2400
75 65 2400
75 70 2400
75 75 2400
75 80 2400
75 85 2400
75 90 2400
75 95 2400
75 100 2400
75 105 2400
75 110 2400
75 115 2400
75 120 2400
75 125 2400
75 130 2400
75 135 2400
75 140 2400
75 145 2400
75 150 2400
75 155 2400
75 160 2400
75 165 2400
75 170 2400
75 175 2400
75 180 2400
80 -180 2400
80 -175 2400
80 -170 2400
80 -165 2400
80 -160 2400
80 -155 2400
80 -150 2400
80 -145 2400
80 -140 2400
80 -135 2400
80 -130 2400
80 -125 2400
80 -120 2400
80 -115 2400
80 -110 2400
80 -105 2400
80 -100 2400
80 -95 2400
80 -90 2400
80 -85 2400
80 -80 2400
80 -75 2400
80 -70 2400
80 -65 2400
80 -60 2400
80 -55 2400
80 -50 2400
80 -45 2400
80 -40 2400
80 -35 2400
80 -30 2400
80 -25 2400
80 -20 2400
80 -15 2400
80 -10 2400
80 -5 2400
80 0 2400
80 5 2400
80 10 2400
80 15 2400
80 20 2400
80 25 2400
80 30 2400
80 35 2400
80 40 2400
80 45 2400
80 50 2400
80 55 2400
80 60 2400
80 65 2400
80 70 2400
80 75 2400
80 80 2400
80 85 2400
80 90 2400
80 95 2400
80 100 2400
80 105 2400
80 110 2400
80 115 2400
80 120 2400
80 125 2400
80 130 2400
80 135 2400
80 140 2400
80 145 2400
80 150 2400
80 155 2400
80 160 2400
80 165 2400
80 170 2400
80 175 2400
80 180 2400
85 -180 2400
85 -175 2400
85 -170 2400
85 -165 2400
85 -160 2400
85 -155 2400
85 -150 2400
85 -145 2400
85 -140 2400
85 -135 2400
85 -130 2400
85 -125 2400
85 -120 2400
85 -115 2400
85 -110 2400
85 -105 2400
85 -100 2400
85 -95 2400
85 -90 2400
85 -85 2400
85 -80 2400
85 -75 2400
85 -70 2400
85 -65 2400
85 -60 2400
85 -55 2400
85 -50 2400
85 -45 2400
85 -40 2400
85 -35 2400
85 -30 2400
85 -25 2400
85 -20 2400
85 -15 2400
85 -10 2400
85 -5 2400
85 0 2400
85 5 2400
85 10 2400
85 15 2400
85 20 2400
85 25 2400
85 30 2400
85 35 2400
85 40 2400
85 45 2400
85 50 2400
85 55 2400
85 60 2400
85 65 2400
85 70 2400
85 75 2400
85 80 2400
85 85 2400
85 90 2400
85 95 2400
85 100 2400
85 105 2400
85 110 2400
85 115 2400
85 120 2400
85 125 2400
85 130 2400
85 135 2400
85 140 2400
85 145 2400
85 150 2400
85 155 2400
85 160 2400
85 165 2400
85 170 2400
85 175 2400
85 180 2400
90 -180 2400
90 -175 2400
90 -170 2400
90 -165 2400
90 -160 2400
90 -155 2400
90 -150 2400
90 -145 2400
90 -140 2400
90 -135 2400
90 -130 2400
90 -125 2400
90 -120 2400
90 -115 2400
90 -110 2400
90 -105 2400
90 -100 2400
90 -95 2400
90 -90 2400
90 -85 2400
90 -80 2400
90 -75 2400
90 -70 2400
90 -65 2400
90 -60 2400
90 -55 2400
90 -50 2400
90 -45 2400
90 -40 2400
90 -35 2400
90 -30 2400
90 -25 2400
90 -20 2400
90 -15 2400
90 -10 2400
90 -5 2400
90 0 2400
90 5 2400
90 10 2400
90 15 2400
90 20 2400
90 25 2400
90 30 2400
90 35 2400
90 40 2400
90 45 2400
90 50 2400
90 55 2400
90 60 2400
90 65 2400
90 70 2400
90 75 2400
90 80 2400
90 85 2400
90 90 2400
90 95 2400
90 100 2400
90 105 2400
90 110 2400
90 115 2400
90 120 2400
90 125 2400
90 130 2400
90 135 2400
90 140 2400
90 145 2400
90 150 2400
90 155 2400
90 160 2400
90 165 2400
90 170 2400
90 175 2400
90 180 2400
