  -13159.968514421564     
  -1016.9024371586888     
  -370.25631456925299     
  -1308.7824303438667     
  -1130.0841508145295     
  -110.51987334995516     
  -2048.6628038828621     
  -702.36410920136461     
   428.42167567189011     
   177.83302801941238     
  -1820.8296074245106     
  -330.89220637651505     
  -397.33530914589767     
  -1879.4094547491584     
  -401.53511622817371     
  -22775.211012714171     
  -1688.2995334407556     
  -614.71340838493370     
  -2172.8896359997561     
  -1876.2080558090249     
  -183.48923534298012     
  -3038.8145867994958     
  -1041.8280139807619     
   635.48478298396537     
   263.78259933058894     
  -2700.8659310018775     
  -490.81774779599920     
  -589.37387401898627     
  -2787.7583635706906     
  -595.60351561699611     
  -18360.961602811345     
  -1305.6784512948536     
  -475.40026822994201     
  -1680.4453940615608     
  -1451.0010694743935     
  -141.90487877683600     
  -2058.4598404890535     
  -705.72292787844469     
   430.47045736084760     
   178.68345429844376     
  -1829.5371088658239     
  -332.47458638186777     
  -399.23543080635676     
  -1888.3970944872851     
  -403.45532204481799     
