  -413.44900947499747     
  -1553.5634176839544     
  -188.84963114277735     
  -542.42323794673496     
  -73.472733212045171     
   165.52885886294536     
  -26.723407969461441     
  -568.50036188974525     
  -464.81088539550097     
   750.13802288832937     
  -371.96519818719833     
  -691.53607949726836     
  -224.86378709006019     
   42.975384714820144     
  -103.13813405629000     
  -723.51871452675459     
  -2570.3856731448491     
  -312.45353793908259     
  -897.44448390632772     
  -121.56134642805651     
   273.86909505607684     
  -38.162106730860117     
  -811.84149535723623     
  -663.76873183237865     
   1071.2274169916709     
  -531.18133770988004     
  -987.54147315991327     
  -321.11457687741989     
   61.370586422244877     
  -147.28542423839738     
  -2348.4810139296237     
  -8056.2998843293035     
  -979.31583880838878     
  -2812.8393211282432     
  -381.00689379001130     
   858.38151911349667     
  -108.07440821033612     
  -2299.1206903254247     
  -1879.7812549300204     
   3033.6970117124470     
  -1504.2961105432692     
  -2796.6999056845748     
  -909.39077626119990     
   173.80041033588702     
  -417.10970452532797     
