  -10267.752064267192     
  -956.47878706815243     
  -509.46306751359560     
  -603.01618493124488     
  -999.58250702273199     
  -121.68556065141649     
  -98.207821708381218     
   347.22666114425215     
  -153.33801261861510     
  -288.50439031153667     
  -159.51627847761327     
  -63.977691991978070     
   159.84778196724454     
  -922.60283178601685     
   195.94396651639568     
  -20076.872639761579     
  -1753.0363683508390     
  -933.74500068162502     
  -1105.2093545419368     
  -1832.0369585502365     
  -223.02555603869882     
  -143.61892441507939     
   507.78358316362994     
  -224.24120666910133     
  -421.90825032865013     
  -233.27629045351242     
  -93.560850353969059     
   233.76108050172328     
  -1349.2125582101789     
   286.54806946306047     
  -21896.360742557925     
  -1803.5606408599906     
  -960.65647138481279     
  -1137.0626004965952     
  -1884.8381075804227     
  -229.45337703159970     
  -113.27035147474439     
   400.48221480769166     
  -176.85608214917826     
  -332.75347242332441     
  -183.98193356487474     
  -73.790208686156447     
   184.36428108193036     
  -1064.1061496945727     
   225.99668306026135     
