  -28096.289267291806     
  -2081.4568639587151     
  -3551.1534517563605     
  -970.04990611928997     
  -4941.0758805192227     
  -3844.2432629236646     
   3175.2844711272123     
   1820.8337959080113     
  -2341.5127825800146     
  -1317.6811287929497     
  -1591.4672588704464     
  -1012.5839539759003     
  -9.6099313526216630     
  -1570.9980930313577     
   730.46576566052624     
  -23235.176927923181     
  -1732.2639937894694     
  -2955.3988686554617     
  -807.31076086457438     
  -4112.1427912400950     
  -3199.3188535577992     
   2685.5975290396204     
   1540.0279211350314     
  -1980.4086847309252     
  -1114.4705980602232     
  -1346.0338992722322     
  -856.42498789328124     
  -8.1279041703243813     
  -1328.7214531910017     
   617.81458421882292     
  -8431.3798857875136     
  -625.43311297896400     
  -1067.0453932798996     
  -291.47917645300436     
  -1484.6872509963807     
  -1155.1125909023144     
   958.69638882823392     
   549.75445528309660     
  -706.96023284418209     
  -397.84030416413725     
  -480.50306291953621     
  -305.72397178558754     
  -2.9014743618782086     
  -474.32291888812784     
   220.54555995507255     
