  -22179.842185646175     
  -959.46953979515467     
  -1872.7487169244835     
  -501.71771819385987     
  -4313.0263556803520     
  -9299.7153307124881     
  -2476.8920949037429     
  -2576.6450888953132     
  -1143.2389223073426     
   3079.9811641529254     
  -2622.9860372460330     
  -4210.6279000568493     
  -1261.6814940564125     
  -1524.9237366506516     
  -1692.2819636513298     
  -22623.031911230282     
  -982.17526658334248     
  -1917.0670813391523     
  -513.59080531295172     
  -4415.0935855407588     
  -9519.7919321564077     
  -2560.4020584198161     
  -2663.5182868881707     
  -1181.7839363951489     
   3183.8246521990200     
  -2711.4216492471678     
  -4352.5918487637764     
  -1304.2198734046053     
  -1576.3374925726423     
  -1749.3383066927586     
  -8935.9897352823391     
  -385.03259592513314     
  -751.52912112962269     
  -201.33799713856413     
  -1730.8061018546457     
  -3731.9512362148153     
  -985.93846248705495     
  -1025.6456074720493     
  -455.07159057684459     
   1226.0008822031612     
  -1044.0918383196131     
  -1676.0600941917414     
  -502.21820924608812     
  -607.00301293576797     
  -673.62073655526228     
