  -28909.981321857540     
  -1727.6296866290188     
   891.42426897876123     
   481.23473992037987     
  -487.53932302941871     
  -982.80192710946324     
  -5221.3144572733618     
  -564.01197142934757     
  -1859.6930869489074     
   224.70755588482538     
  -526.76825692370676     
   1320.6542483277897     
  -186.42161326576013     
   1235.7061961114689     
   32.437993021051362     
  -35435.915097654011     
  -2108.2750205050042     
   1087.8300676963422     
   587.26426677294251     
  -594.95792658115033     
  -1199.3407899073652     
  -6309.5102064523317     
  -681.56003998907556     
  -2247.2794176622901     
   271.53978733214518     
  -636.55420884780153     
   1595.8972644161063     
  -225.27451300411914     
   1493.2448371656280     
   39.198529358454564     
  -15016.643208551799     
  -883.12231675609939     
   455.67442590617071     
   245.99550569847577     
  -249.21825539103264     
  -502.38446438993338     
  -2568.0422954751239     
  -277.40267506149183     
  -914.66823976379715     
   110.51977664766414     
  -259.08479076746056     
   649.54830726202897     
  -91.689284676254090     
   607.76760380222208     
   15.954246529309451     
