  -5904.9099603994591     
  -1398.2861333860635     
  -1776.3219491684836     
  -277.44484236937342     
   367.53709222343321     
   825.17824062211730     
  -2212.0758644264247     
  -642.98506778061358     
   255.79336915333283     
   774.96047511469271     
  -1155.7553990651559     
  -1523.5237519069742     
  -118.81704269957339     
  -861.06549452476941     
  -827.58689086533911     
  -4481.2030566260346     
  -1016.0655460457934     
  -1290.7655222643086     
  -201.60547868480791     
   267.07107178254438     
   599.61631573394754     
  -1446.3869986729596     
  -420.42194724631429     
   167.25294527186827     
   506.71533183693532     
  -755.70174139907795     
  -996.17060262943301     
  -77.689661799186851     
  -563.01592378227986     
  -541.12561800866638     
  -4419.2228621719569     
  -865.77139217106151     
  -1099.8383593717610     
  -171.78444503854166     
   227.56651332744818     
   510.92240501782135     
  -765.41309050814084     
  -222.48296082203157     
   88.508534613892436     
   268.14853044517872     
  -399.90957186240485     
  -527.16321450035025     
  -41.112568208097763     
  -297.94222336267683     
  -286.35809919001605     
